camera_matrix:
- [240.31226381406123, 0.0, 132.8486878777594]
- [0.0, 243.84240747635016, 135.2610126380336]
- [0.0, 0.0, 1.0]
dist_coeff:
- [0.8084426610077157, -3.672811598329144, 0.10180000703855019, -0.018093252676641,
  5.60777767173302]
