camera_matrix:
- [629.7216677065584, 0.0, 307.1004997041115]
- [0.0, 631.4410011851478, 220.88960954512666]
- [0.0, 0.0, 1.0]
dist_coeff:
- [0.8699089056458054, -13.717370660115275, -0.01952444942584809, 0.005175695593331855,
  65.10816346954452]
