camera_matrix:
- [234.7393614046292, 0.0, 167.13811216779132]
- [0.0, 231.0765614675065, 79.80379430146242]
- [0.0, 0.0, 1.0]
dist_coeff:
- [0.8591032205189155, -6.241327064319423, -0.03330385987799645, 0.009016925743405629,
  11.148492929941982]
